t-statistic: -0.2378709576190193
p-value: 0.8191758603488719
