t-statistic: -3.3853538256819866
p-value: 0.02456149579348043
